1
0.0 0.0 0.0 0.0 0.0 0.0 0.0 0.0 0.0 0.0 0.0 0.0 0.0 0.0 0.0 0.0 0.0 0.0 0.0 0.0 0.0 0.0 0.0 0.0 0.0 0.0 0.0 0.0 
0.0 0.0 0.0 0.0 0.0 0.0 0.0 0.0 0.0 -13.0 -227.0 2390.0 4803.0 1870.0 -452.0 8853.0 22042.0 10545.0 0.0 0.0 0.0 0.0 0.0 0.0 0.0 0.0 0.0 0.0 
0.0 0.0 0.0 -65.0 0.0 -21.0 -1554.0 -4021.0 -4628.0 -7880.0 -3547.0 -8230.0 -16525.0 -10308.0 -19550.0 -16593.0 -9647.0 -21241.0 -21677.0 -13002.0 -21497.0 -11768.0 -4982.0 -2860.0 -988.0 0.0 0.0 0.0 
0.0 0.0 0.0 -521.0 -672.0 -1167.0 -7659.0 -7852.0 3353.0 -11889.0 -29350.0 1793.0 -19938.0 6878.0 -7754.0 -3979.0 -5707.0 -1253.0 -9418.0 -3829.0 -3545.0 -14821.0 -8796.0 1240.0 -2005.0 -482.0 -94.0 0.0 
0.0 0.0 0.0 -161.0 -372.0 -14418.0 -187.0 -6081.0 -6277.0 7215.0 -9912.0 2601.0 -2255.0 2979.0 -7422.0 7819.0 -11361.0 5469.0 -4528.0 5714.0 -576.0 1375.0 -1037.0 -2706.0 -9747.0 -4040.0 -420.0 0.0 
0.0 0.0 -196.0 -684.0 -2013.0 -8574.0 14954.0 -5009.0 -11118.0 4301.0 5288.0 -2947.0 -5988.0 6389.0 -2601.0 2359.0 -2751.0 -501.0 2313.0 -6175.0 20.0 -3579.0 -1962.0 -3597.0 -4009.0 -10045.0 -955.0 -1066.0 
0.0 0.0 -113.0 -371.0 -6080.0 -3130.0 -6423.0 -583.0 3575.0 -15406.0 3200.0 -3633.0 -3033.0 3523.0 -899.0 791.0 -1254.0 1968.0 650.0 3268.0 -4969.0 6484.0 5271.0 -4185.0 -12684.0 -28561.0 -10520.0 -2812.0 
0.0 -1204.0 -498.0 -1126.0 -2992.0 1570.0 1182.0 826.0 -6776.0 3562.0 1094.0 2898.0 -2910.0 4439.0 78.0 -1199.0 -3928.0 7203.0 -1013.0 5674.0 -6994.0 1714.0 -3065.0 1782.0 -2510.0 -13959.0 -20075.0 -238.0 
4823.0 0.0 595.0 3622.0 -4093.0 -13163.0 -4733.0 5027.0 771.0 -282.0 3351.0 -4534.0 3931.0 -5648.0 5927.0 -1860.0 10591.0 636.0 4446.0 -5439.0 6660.0 -1483.0 4521.0 -1516.0 -11439.0 -19008.0 -9662.0 -422.0 
0.0 0.0 1401.0 1147.0 -12362.0 3519.0 3027.0 -8790.0 1127.0 111.0 6181.0 -4901.0 -3397.0 3733.0 -280.0 -3243.0 2219.0 3128.0 -2970.0 8819.0 -216.0 468.0 -8270.0 4537.0 -5019.0 -18805.0 -19117.0 -78.0 
0.0 0.0 9034.0 -6067.0 7971.0 5742.0 -1179.0 4120.0 -3269.0 173.0 -2037.0 3416.0 571.0 -3228.0 1437.0 925.0 1874.0 2711.0 5237.0 -4067.0 2928.0 -529.0 12277.0 1549.0 2385.0 -21631.0 -23855.0 0.0 
0.0 2343.0 -3819.0 2602.0 -12908.0 -8736.0 7942.0 -1220.0 -164.0 -1431.0 -2983.0 3330.0 -6803.0 3903.0 -7193.0 -5912.0 -1874.0 2570.0 -3503.0 6153.0 -1174.0 6264.0 -7331.0 5338.0 400.0 -15161.0 -13521.0 0.0 
0.0 32.0 -1398.0 570.0 -14560.0 3717.0 -9203.0 172.0 -582.0 1921.0 -3917.0 -1090.0 512.0 2402.0 -3405.0 -11191.0 -3403.0 -578.0 -1915.0 820.0 4633.0 88.0 261.0 -1113.0 7326.0 -6969.0 -8080.0 0.0 
0.0 126.0 0.0 6536.0 7297.0 -4134.0 14595.0 2530.0 -79.0 -1317.0 2428.0 2443.0 -545.0 -11400.0 2518.0 -10463.0 -1061.0 -3167.0 15.0 132.0 -5031.0 -2137.0 8691.0 2485.0 -6636.0 13593.0 -5047.0 0.0 
0.0 0.0 -344.0 -8153.0 -792.0 2353.0 -4283.0 5340.0 425.0 5194.0 -5716.0 713.0 4007.0 410.0 -19298.0 1279.0 -6764.0 1797.0 -981.0 -32.0 4183.0 1681.0 -5731.0 6904.0 -7221.0 3871.0 -17814.0 0.0 
0.0 0.0 -1526.0 -15411.0 7216.0 1054.0 -314.0 7273.0 722.0 2714.0 3969.0 -2795.0 2980.0 -4515.0 -11399.0 -4804.0 -6979.0 -896.0 -4350.0 -3735.0 1614.0 263.0 9150.0 -6874.0 17262.0 -5409.0 -11571.0 0.0 
0.0 0.0 -740.0 -13163.0 -7880.0 7453.0 -3953.0 4133.0 1914.0 3113.0 880.0 2463.0 -7188.0 -12174.0 -11172.0 5014.0 -5257.0 3357.0 -5420.0 1186.0 740.0 2780.0 -10958.0 2054.0 -11163.0 -17773.0 -19185.0 1164.0 
0.0 0.0 0.0 -6145.0 1603.0 2566.0 1487.0 3679.0 -2070.0 -275.0 774.0 -6917.0 5164.0 -10778.0 -4228.0 -3723.0 -4951.0 -720.0 -2515.0 565.0 2773.0 -6684.0 13474.0 -409.0 1709.0 -5861.0 -3507.0 8388.0 
0.0 0.0 -174.0 -6671.0 1881.0 -3391.0 -1092.0 -2944.0 5099.0 886.0 5625.0 392.0 -5604.0 -9663.0 -4615.0 -188.0 -2205.0 707.0 2360.0 -4217.0 -8905.0 1674.0 -5358.0 -4246.0 6436.0 -6312.0 -7521.0 -4671.0 
0.0 260.0 -199.0 -13303.0 -8366.0 -3160.0 4658.0 -1864.0 4094.0 -1783.0 3846.0 -6067.0 11781.0 -11379.0 1496.0 -4908.0 454.0 -3465.0 172.0 -4278.0 5147.0 -1322.0 3751.0 -1097.0 1578.0 -13238.0 -2079.0 -896.0 
0.0 655.0 -1351.0 -13833.0 2825.0 540.0 -4928.0 4658.0 1084.0 14.0 2988.0 6609.0 -2896.0 3710.0 -4161.0 263.0 -6047.0 370.0 2022.0 -1430.0 1273.0 915.0 -4258.0 -8570.0 -9089.0 -3507.0 274.0 0.0 
0.0 0.0 -6213.0 24.0 6155.0 -1024.0 2239.0 -3720.0 -665.0 2722.0 2205.0 558.0 5178.0 119.0 -4000.0 375.0 3531.0 -11522.0 1200.0 -6863.0 -5864.0 -4388.0 12834.0 -10244.0 -1363.0 -384.0 8903.0 0.0 
0.0 0.0 -3964.0 3492.0 -12230.0 -3526.0 1182.0 2081.0 354.0 -159.0 322.0 1402.0 -6095.0 11843.0 -2129.0 822.0 -435.0 1269.0 -6917.0 3409.0 7980.0 -3195.0 -965.0 -1580.0 -15961.0 501.0 1154.0 0.0 
0.0 0.0 -188.0 -771.0 -17300.0 1583.0 3142.0 -2237.0 -4059.0 -128.0 4933.0 -1023.0 -656.0 -2072.0 2921.0 -3500.0 -4956.0 10304.0 -9681.0 -353.0 -18926.0 -1457.0 4746.0 -632.0 -17602.0 540.0 0.0 0.0 
0.0 0.0 -1750.0 -2468.0 2961.0 -1861.0 -1942.0 -1743.0 -1300.0 5419.0 -4145.0 -3922.0 4858.0 -4937.0 2933.0 2328.0 -9898.0 1102.0 2227.0 -9765.0 -4469.0 -5649.0 -10845.0 -8038.0 -1229.0 0.0 0.0 0.0 
0.0 0.0 0.0 0.0 -3420.0 -9397.0 -14668.0 -15993.0 -24434.0 -2959.0 -22820.0 461.0 -14988.0 -16659.0 -9212.0 -19647.0 -5188.0 -20049.0 -28923.0 -13476.0 -18706.0 -14149.0 -9263.0 -5497.0 -834.0 0.0 0.0 0.0 
0.0 0.0 0.0 0.0 0.0 -370.0 -1219.0 -2645.0 -6109.0 -10534.0 -8968.0 -16753.0 -9918.0 -17049.0 -15709.0 -19289.0 -16166.0 -10297.0 -8330.0 -1644.0 -10654.0 -10809.0 -5918.0 -1530.0 -28.0 0.0 0.0 0.0 
0.0 0.0 0.0 0.0 0.0 -57.0 -245.0 -158.0 0.0 -4.0 -574.0 -3716.0 -69.0 -1107.0 -2141.0 -1645.0 -1116.0 -650.0 -572.0 -206.0 -253.0 -2082.0 -6594.0 -1512.0 0.0 0.0 0.0 0.0 
2
0.0 0.0 0.0 0.0 0.0 0.0 0.0 0.0 0.0 0.0 0.0 0.0 0.0 0.0 0.0 0.0 0.0 0.0 0.0 0.0 0.0 0.0 0.0 0.0 0.0 0.0 0.0 0.0 
0.0 0.0 0.0 0.0 0.0 0.0 0.0 -30.0 -1460.0 -1130.0 -550.0 0.0 0.0 0.0 840.0 -1298.0 -10075.0 -2055.0 0.0 0.0 0.0 0.0 0.0 0.0 0.0 0.0 0.0 0.0 
0.0 0.0 0.0 0.0 0.0 0.0 0.0 -580.0 -2378.0 -2410.0 -3036.0 -3750.0 -2204.0 15235.0 -7869.0 5848.0 3008.0 -491.0 -8471.0 5012.0 -6196.0 -2220.0 -6350.0 -1900.0 0.0 0.0 0.0 0.0 
0.0 0.0 2772.0 660.0 -95.0 -1948.0 -220.0 -2874.0 -4473.0 -5482.0 -4735.0 -15001.0 -635.0 -2247.0 -8328.0 -4835.0 4479.0 -3728.0 -3871.0 724.0 -3709.0 1327.0 2023.0 -7075.0 -7092.0 -1367.0 -2420.0 0.0 
0.0 0.0 9504.0 1142.0 -1704.0 1908.0 3962.0 -10816.0 5949.0 -3816.0 3865.0 70.0 -2347.0 -1648.0 2511.0 -2135.0 -563.0 -2826.0 -5023.0 2846.0 -2730.0 1985.0 249.0 -994.0 -17995.0 -12660.0 -529.0 -189.0 
0.0 0.0 371.0 1008.0 3247.0 11856.0 6049.0 -11696.0 -2563.0 -2147.0 -6908.0 -4801.0 -2679.0 -2137.0 -1268.0 2803.0 -2377.0 -3406.0 1795.0 399.0 -1328.0 229.0 3316.0 704.0 12556.0 -12487.0 -2438.0 -279.0 
0.0 0.0 -1770.0 6606.0 -621.0 -12104.0 10696.0 -9455.0 -1274.0 -6782.0 2893.0 -49.0 -2182.0 -142.0 -3373.0 -1838.0 -1447.0 -3877.0 -1674.0 -2158.0 -3074.0 229.0 -4168.0 3377.0 -9927.0 -17998.0 -172.0 0.0 
0.0 -352.0 -1860.0 -4802.0 10024.0 -10836.0 -13761.0 18207.0 -13429.0 6513.0 -2697.0 -430.0 1595.0 -4161.0 602.0 -4698.0 2223.0 -186.0 67.0 -1473.0 5369.0 4585.0 -7512.0 -1445.0 -10072.0 -8749.0 -96.0 -246.0 
0.0 -288.0 -885.0 -606.0 5078.0 -1451.0 -9367.0 -10038.0 -2725.0 -8838.0 1414.0 -2997.0 198.0 -1572.0 -1296.0 375.0 -5568.0 1535.0 -747.0 259.0 -2613.0 -4587.0 7965.0 -2509.0 -16019.0 -13755.0 -434.0 -182.0 
0.0 -7566.0 -575.0 -720.0 1341.0 -8484.0 -3671.0 11626.0 1605.0 703.0 -1441.0 -823.0 -2487.0 489.0 203.0 2370.0 389.0 -451.0 -225.0 -627.0 354.0 3445.0 -3057.0 -4027.0 -692.0 -16094.0 326.0 -204.0 
0.0 -873.0 -290.0 -7110.0 -407.0 -6354.0 -4810.0 -9271.0 4834.0 -7493.0 3227.0 1591.0 -773.0 116.0 3620.0 3291.0 2570.0 -438.0 -8648.0 -563.0 -8172.0 3538.0 -564.0 -1070.0 -17568.0 -9236.0 -7306.0 -17.0 
0.0 0.0 -20.0 -5234.0 1391.0 -1729.0 -12042.0 -9174.0 -3312.0 3021.0 -2363.0 -1581.0 -1175.0 3373.0 2025.0 5471.0 2541.0 3710.0 1523.0 901.0 276.0 2580.0 -7268.0 3203.0 -9510.0 3830.0 -978.0 2739.0 
0.0 -315.0 -3977.0 -1927.0 5330.0 -7245.0 5412.0 10063.0 -4873.0 -4530.0 -2710.0 -996.0 -1718.0 1281.0 5755.0 1752.0 -516.0 -2543.0 -564.0 -4087.0 -2975.0 2998.0 1877.0 3677.0 -6497.0 -2923.0 -5127.0 2548.0 
0.0 -759.0 -1844.0 -873.0 4068.0 -4224.0 11585.0 1351.0 -3724.0 8651.0 -5724.0 -6435.0 2203.0 253.0 2181.0 3000.0 1194.0 3899.0 -59.0 -3412.0 -5380.0 1738.0 -8989.0 -8807.0 -7675.0 -3280.0 -2754.0 0.0 
0.0 -564.0 -719.0 -330.0 6188.0 4824.0 2919.0 -13470.0 3338.0 -11421.0 -4268.0 -3765.0 -943.0 1885.0 1996.0 3045.0 -37.0 -913.0 -6497.0 1237.0 2040.0 -6412.0 2459.0 -479.0 5571.0 2373.0 1629.0 0.0 
0.0 0.0 -61.0 -32.0 -942.0 -11820.0 -11305.0 -4499.0 10617.0 -2641.0 -4425.0 395.0 4115.0 3137.0 1464.0 2195.0 2809.0 -2943.0 -551.0 -12251.0 -9595.0 -4966.0 -1053.0 -4410.0 -2259.0 639.0 280.0 0.0 
0.0 0.0 84.0 5.0 3857.0 -5175.0 -6158.0 -3873.0 -8881.0 3288.0 -3167.0 1634.0 -2249.0 -415.0 3079.0 -6623.0 54.0 -5001.0 -8764.0 -5379.0 7510.0 2507.0 -3656.0 -10415.0 8648.0 -6408.0 556.0 0.0 
0.0 0.0 0.0 -45.0 -1089.0 2179.0 4114.0 6902.0 492.0 -8116.0 3718.0 -4835.0 1082.0 4346.0 3376.0 3297.0 1808.0 -7839.0 1320.0 3929.0 -1404.0 -6364.0 7101.0 -3306.0 3143.0 -17022.0 -52.0 0.0 
0.0 0.0 -15.0 -335.0 -3427.0 -6903.0 -15963.0 -3464.0 -892.0 1000.0 -7812.0 1320.0 -1365.0 -833.0 4528.0 -969.0 -9151.0 6683.0 2786.0 -21.0 -708.0 1414.0 -4574.0 -10230.0 17775.0 -5229.0 -1272.0 7056.0 
0.0 0.0 -275.0 -3718.0 -4730.0 -17255.0 390.0 6048.0 -4784.0 2137.0 544.0 -2383.0 -168.0 -1596.0 -3280.0 2717.0 6949.0 -8914.0 -3058.0 -870.0 247.0 615.0 -2678.0 -6162.0 365.0 2101.0 2194.0 3024.0 
0.0 0.0 -830.0 -9487.0 3548.0 -15831.0 -1287.0 -3786.0 4278.0 -23.0 -1081.0 776.0 4849.0 -2792.0 2805.0 -7014.0 -3298.0 3954.0 4984.0 3250.0 1222.0 -3981.0 7039.0 -3611.0 8116.0 -7897.0 9109.0 0.0 
576.0 180.0 -1591.0 7484.0 1739.0 113.0 9817.0 2512.0 -665.0 -1642.0 3803.0 -2825.0 -1795.0 3080.0 -356.0 1775.0 3139.0 -3584.0 938.0 -6114.0 1006.0 8524.0 -16891.0 -11836.0 13810.0 11669.0 553.0 0.0 
558.0 180.0 -1139.0 3194.0 2521.0 14149.0 -3682.0 -2478.0 1480.0 1410.0 -3364.0 1228.0 -3438.0 -4152.0 946.0 -1428.0 -2087.0 2622.0 10812.0 -2357.0 5803.0 10139.0 -15676.0 5886.0 4006.0 10490.0 2514.0 0.0 
0.0 0.0 0.0 -5809.0 -18733.0 2304.0 781.0 1466.0 -3211.0 1178.0 -2351.0 -1829.0 3537.0 -76.0 -4495.0 2317.0 2125.0 2470.0 -5284.0 3732.0 -10550.0 -2415.0 2445.0 -4712.0 1211.0 5352.0 15176.0 0.0 
0.0 0.0 0.0 -2924.0 -7348.0 -4055.0 -5788.0 3250.0 -3119.0 -274.0 -4980.0 1134.0 -6059.0 -2485.0 -2096.0 -1470.0 -8507.0 2951.0 -4720.0 15774.0 1167.0 -7688.0 -7670.0 -1238.0 -1266.0 3326.0 612.0 0.0 
0.0 0.0 0.0 0.0 -3593.0 -10944.0 -2041.0 -10598.0 -13198.0 -5114.0 -14320.0 -21078.0 -4084.0 -8094.0 -2433.0 -13922.0 -10676.0 -11084.0 -14701.0 -16824.0 -10141.0 -1394.0 0.0 0.0 0.0 0.0 0.0 0.0 
0.0 0.0 0.0 0.0 -1359.0 -1578.0 -1112.0 -1608.0 -3639.0 -5082.0 -1534.0 -8480.0 -22439.0 -13505.0 -7670.0 -11758.0 -3088.0 -2058.0 -11208.0 -4988.0 -338.0 0.0 0.0 0.0 0.0 0.0 0.0 0.0 
0.0 0.0 0.0 0.0 0.0 0.0 0.0 0.0 0.0 0.0 -2244.0 -516.0 -110.0 -254.0 -206.0 -369.0 -144.0 -2537.0 -8256.0 -86.0 0.0 0.0 0.0 0.0 0.0 0.0 0.0 0.0 
3
0.0 0.0 0.0 0.0 0.0 0.0 0.0 0.0 0.0 0.0 0.0 0.0 40.0 864.0 864.0 36.0 0.0 0.0 0.0 0.0 0.0 0.0 0.0 0.0 0.0 0.0 0.0 0.0 
0.0 0.0 0.0 0.0 0.0 0.0 -798.0 -1105.0 543.0 -1478.0 -2165.0 -2569.0 -8696.0 -8018.0 -10015.0 -2076.0 5342.0 -6499.0 -2582.0 -2606.0 -987.0 -618.0 -426.0 0.0 0.0 0.0 0.0 0.0 
0.0 0.0 0.0 0.0 -22.0 -11.0 -380.0 -3465.0 -3371.0 7127.0 -15208.0 -265.0 -4023.0 -3309.0 -5931.0 66.0 -3724.0 -4096.0 -2048.0 -7987.0 -4691.0 -3044.0 -7701.0 -697.0 5100.0 3300.0 0.0 0.0 
0.0 0.0 0.0 15.0 -193.0 -3571.0 -6160.0 -3127.0 -1627.0 1008.0 1289.0 -185.0 -320.0 30.0 856.0 -5690.0 597.0 776.0 -4585.0 1866.0 -3623.0 -1994.0 6331.0 -14011.0 337.0 3280.0 0.0 0.0 
0.0 0.0 -32.0 -4596.0 -16287.0 -2903.0 7473.0 2284.0 -880.0 5427.0 -1299.0 -759.0 1794.0 -554.0 1141.0 -1803.0 1042.0 -1219.0 871.0 -1141.0 -1528.0 -2805.0 -7120.0 -6407.0 -11014.0 -1190.0 -126.0 -126.0 
0.0 0.0 -23.0 -190.0 10251.0 -5469.0 717.0 357.0 2781.0 -5109.0 1447.0 3454.0 402.0 1681.0 1301.0 1944.0 1041.0 904.0 2086.0 -2344.0 1936.0 -650.0 4330.0 -1719.0 -14606.0 3098.0 -1110.0 -186.0 
0.0 0.0 -7474.0 -5609.0 169.0 -4453.0 -4336.0 1992.0 -1679.0 -447.0 325.0 -627.0 -753.0 2239.0 -656.0 -333.0 989.0 -1959.0 -1762.0 2934.0 -2191.0 -779.0 -2660.0 -4375.0 -2234.0 601.0 -2189.0 -78.0 
0.0 -97.0 16501.0 5605.0 3050.0 -524.0 3674.0 -3802.0 3832.0 -1196.0 -1746.0 1600.0 -1067.0 -357.0 2245.0 -3178.0 2620.0 -3049.0 862.0 -4169.0 552.0 -300.0 2145.0 -14736.0 -6381.0 9144.0 -165.0 -95.0 
-106.0 233.0 -291.0 -9793.0 3894.0 -5535.0 1105.0 817.0 -1620.0 896.0 316.0 746.0 -1320.0 2685.0 279.0 -721.0 -2268.0 -162.0 -5153.0 -33.0 4498.0 -1362.0 -1746.0 8482.0 -23982.0 -6083.0 -217.0 0.0 
0.0 -2673.0 -8184.0 2445.0 -5358.0 9796.0 -8236.0 1289.0 -2650.0 1443.0 -789.0 3063.0 -1801.0 -795.0 -1127.0 1195.0 2195.0 -2592.0 3802.0 -55.0 154.0 -2900.0 -219.0 -180.0 -11063.0 -8089.0 2712.0 0.0 
0.0 -4389.0 -3824.0 5796.0 -2326.0 -3208.0 7566.0 -1059.0 2945.0 -278.0 -722.0 1491.0 906.0 -704.0 2319.0 -2963.0 -1370.0 409.0 336.0 -1382.0 1548.0 3793.0 -3433.0 -2918.0 -5105.0 -9555.0 6669.0 0.0 
0.0 -1551.0 -2505.0 -9359.0 -6481.0 3716.0 6924.0 -4615.0 -3677.0 -5273.0 -8508.0 -7510.0 -7609.0 -4994.0 -5246.0 201.0 -1493.0 -3288.0 335.0 3369.0 -1585.0 -550.0 -4111.0 4091.0 -5604.0 6514.0 -3552.0 -12183.0 
0.0 0.0 -790.0 -9426.0 9112.0 7990.0 -16919.0 -9124.0 -4350.0 -5194.0 -3836.0 -4343.0 -5211.0 -1576.0 -7088.0 -4468.0 -533.0 -1541.0 -1012.0 3471.0 -68.0 2060.0 1185.0 -15672.0 1216.0 3699.0 861.0 -12245.0 
0.0 0.0 -28.0 -9291.0 -20332.0 -15361.0 -2850.0 -5880.0 -2823.0 -1698.0 -1741.0 761.0 -607.0 -121.0 -108.0 -1548.0 -2156.0 -754.0 -1069.0 -1431.0 -2244.0 -1132.0 -1815.0 -5436.0 8381.0 8468.0 14014.0 11473.0 
0.0 -6799.0 -1380.0 -2736.0 -2337.0 -11572.0 -7827.0 3302.0 -767.0 -83.0 -2634.0 -83.0 1448.0 -730.0 1216.0 -2943.0 692.0 -3281.0 1963.0 -1964.0 334.0 300.0 -1522.0 5815.0 -12846.0 4493.0 20056.0 354.0 
0.0 -4520.0 -9970.0 4644.0 2142.0 13080.0 6308.0 -8074.0 -355.0 1681.0 789.0 1839.0 -676.0 -1114.0 -2398.0 909.0 -835.0 -3216.0 -2505.0 2360.0 -1256.0 -1860.0 -2395.0 -8446.0 9964.0 609.0 16774.0 7026.0 
0.0 -3428.0 -17830.0 8367.0 -487.0 -3831.0 3365.0 2813.0 -1003.0 603.0 48.0 -94.0 794.0 1302.0 -534.0 -143.0 3307.0 1134.0 -2358.0 478.0 -1283.0 1100.0 1738.0 2410.0 952.0 5362.0 20362.0 12154.0 
0.0 -1662.0 2656.0 -2235.0 -4663.0 4469.0 3402.0 -2335.0 1615.0 1470.0 -624.0 320.0 194.0 930.0 2607.0 4012.0 -1066.0 -3002.0 615.0 -4563.0 158.0 -2773.0 -2616.0 1715.0 -4552.0 11586.0 4184.0 3523.0 
0.0 -216.0 -5107.0 3096.0 1510.0 2292.0 2197.0 1355.0 223.0 678.0 2173.0 -2687.0 2137.0 1773.0 1891.0 2127.0 970.0 2078.0 -1012.0 3135.0 781.0 285.0 3514.0 -186.0 12539.0 1725.0 -10945.0 1018.0 
0.0 -250.0 -13580.0 -7847.0 2623.0 -612.0 -1266.0 -1166.0 1097.0 1459.0 715.0 550.0 -998.0 3373.0 1615.0 1109.0 1086.0 1550.0 -1241.0 -908.0 1009.0 -255.0 270.0 -42.0 -4753.0 16858.0 6261.0 -143.0 
0.0 -411.0 5962.0 3627.0 4866.0 826.0 4587.0 5987.0 1877.0 1133.0 1611.0 1793.0 858.0 47.0 159.0 2.0 1224.0 -5424.0 1187.0 -1570.0 806.0 2439.0 -745.0 494.0 9862.0 -3661.0 -2810.0 -561.0 
0.0 0.0 6130.0 -2315.0 -5779.0 -1174.0 -1135.0 648.0 -787.0 1524.0 -972.0 -1165.0 -804.0 -2678.0 -2067.0 -3661.0 -704.0 -294.0 -3673.0 4970.0 -1475.0 536.0 3333.0 9306.0 -5444.0 1288.0 4830.0 0.0 
0.0 0.0 2385.0 -6436.0 2034.0 707.0 2546.0 21.0 1607.0 2272.0 -2000.0 432.0 -1444.0 645.0 -1752.0 -1997.0 -2303.0 -50.0 1898.0 -1486.0 3370.0 -2883.0 7849.0 -1441.0 8825.0 -5112.0 -8058.0 0.0 
0.0 0.0 1384.0 -6422.0 12500.0 -6614.0 3980.0 -1212.0 -282.0 186.0 -516.0 -2023.0 -1763.0 -5260.0 -1300.0 -3328.0 2959.0 -3707.0 4465.0 -632.0 2380.0 4403.0 5314.0 334.0 -1437.0 -232.0 -6067.0 0.0 
0.0 0.0 -525.0 -24609.0 -13909.0 365.0 -6577.0 -2640.0 -1365.0 -2255.0 1416.0 -5733.0 1182.0 -3373.0 2588.0 -1189.0 -4189.0 -912.0 2304.0 465.0 -5945.0 2385.0 3036.0 -9641.0 26172.0 12255.0 0.0 0.0 
0.0 0.0 0.0 -5771.0 -6892.0 -18398.0 -11156.0 -5450.0 -11936.0 -13813.0 -7676.0 -4019.0 -11970.0 -11380.0 490.0 697.0 -9092.0 10107.0 -16034.0 -8270.0 8688.0 -12242.0 -14822.0 -14003.0 -2044.0 0.0 0.0 0.0 
0.0 0.0 0.0 0.0 -1547.0 -1872.0 -1444.0 -5324.0 -6587.0 -5128.0 -4887.0 -20215.0 -4044.0 -5718.0 -10792.0 -11043.0 -11980.0 -14640.0 -6683.0 -2341.0 -3121.0 -3090.0 -919.0 0.0 0.0 0.0 0.0 0.0 
0.0 0.0 0.0 0.0 0.0 0.0 0.0 0.0 0.0 -4.0 -416.0 -566.0 -933.0 -21.0 -722.0 -730.0 -271.0 -252.0 -122.0 0.0 0.0 -11.0 -154.0 0.0 0.0 0.0 0.0 0.0 
4
0.0 0.0 0.0 0.0 0.0 0.0 0.0 0.0 0.0 0.0 0.0 0.0 0.0 0.0 0.0 0.0 0.0 0.0 0.0 0.0 0.0 0.0 0.0 0.0 0.0 0.0 0.0 0.0 
0.0 0.0 0.0 0.0 0.0 0.0 0.0 0.0 0.0 0.0 0.0 0.0 0.0 0.0 -210.0 -253.0 -38.0 0.0 0.0 0.0 0.0 0.0 0.0 0.0 0.0 0.0 0.0 0.0 
0.0 0.0 0.0 0.0 0.0 0.0 0.0 0.0 -199.0 -6671.0 -6651.0 6194.0 3442.0 -3168.0 150.0 -11002.0 2374.0 138.0 -8856.0 -9490.0 -1896.0 -1424.0 -800.0 -488.0 0.0 0.0 0.0 0.0 
0.0 0.0 0.0 0.0 -285.0 5754.0 -13653.0 647.0 13538.0 -8835.0 -2176.0 2048.0 4632.0 -8898.0 5466.0 3606.0 -2385.0 980.0 1754.0 -419.0 13466.0 -3058.0 -19708.0 -8806.0 -309.0 0.0 0.0 0.0 
0.0 0.0 0.0 3760.0 1045.0 7371.0 -7803.0 1751.0 1657.0 365.0 1175.0 -1313.0 4616.0 962.0 993.0 -1293.0 1511.0 -2751.0 1698.0 -4685.0 -380.0 -4501.0 5450.0 -20518.0 -2066.0 -325.0 0.0 0.0 
0.0 0.0 -3286.0 14570.0 5344.0 4063.0 3584.0 3540.0 1140.0 829.0 31.0 1566.0 2162.0 -1707.0 3237.0 1850.0 1102.0 -3419.0 -259.0 917.0 -3273.0 -3720.0 884.0 -2788.0 -3880.0 -2774.0 0.0 0.0 
0.0 147.0 140.0 -4759.0 5142.0 -5153.0 681.0 -2511.0 3.0 1764.0 1358.0 2082.0 221.0 4745.0 -1176.0 2687.0 542.0 -279.0 2492.0 -6438.0 438.0 1590.0 889.0 -5123.0 -4173.0 -4914.0 -781.0 0.0 
-47.0 6878.0 -7842.0 1059.0 1673.0 2982.0 2754.0 -1526.0 615.0 697.0 -2084.0 1428.0 985.0 1413.0 2452.0 1122.0 -635.0 1950.0 -1202.0 2142.0 633.0 -4181.0 -6732.0 -154.0 -5000.0 -3889.0 -778.0 0.0 
-191.0 -2730.0 -13658.0 -1745.0 1856.0 -1891.0 -76.0 1486.0 -1065.0 -3322.0 -89.0 -2789.0 2609.0 -974.0 -730.0 -1181.0 -626.0 -1815.0 4267.0 -194.0 534.0 -2764.0 3570.0 -10287.0 -18870.0 -12131.0 -217.0 0.0 
-31.0 -2216.0 5362.0 1978.0 3562.0 -2290.0 5401.0 -1873.0 -3236.0 1681.0 -2228.0 -2882.0 -3457.0 -1068.0 -1834.0 1042.0 845.0 2794.0 -1985.0 1096.0 3563.0 4300.0 3898.0 -9997.0 -35298.0 -4334.0 -122.0 0.0 
0.0 -2977.0 -4549.0 -1263.0 -3385.0 294.0 -1507.0 -568.0 1643.0 -8284.0 -2907.0 -2087.0 -5057.0 3043.0 1706.0 28.0 1326.0 1889.0 1119.0 -2307.0 1175.0 101.0 2117.0 13171.0 -32586.0 -1623.0 -382.0 0.0 
0.0 -1755.0 -17499.0 13882.0 3163.0 -916.0 -1837.0 -4470.0 -5612.0 -3358.0 -4450.0 -2026.0 -1241.0 -130.0 -107.0 4445.0 1234.0 3776.0 1882.0 2127.0 686.0 -2115.0 518.0 -8059.0 -25118.0 7109.0 0.0 0.0 
0.0 -1629.0 -9272.0 1951.0 -4330.0 -3139.0 -4691.0 -3770.0 -4463.0 -267.0 442.0 -2256.0 1875.0 -1559.0 4444.0 1647.0 1016.0 -1519.0 -146.0 968.0 -2443.0 -5338.0 -10312.0 -31911.0 -16283.0 4567.0 0.0 0.0 
0.0 -3289.0 -7589.0 -821.0 -14904.0 899.0 3398.0 986.0 -566.0 -650.0 -1721.0 -433.0 407.0 2209.0 877.0 -1673.0 77.0 974.0 -3045.0 -2240.0 -1115.0 -6744.0 -15218.0 5017.0 -4822.0 1058.0 -549.0 -2800.0 
0.0 -1445.0 -4369.0 15386.0 7767.0 -4367.0 -6864.0 -2655.0 -497.0 -1486.0 -1728.0 -845.0 5128.0 -244.0 -213.0 -949.0 2893.0 302.0 -2808.0 933.0 -8095.0 3229.0 -244.0 5762.0 -4034.0 -7599.0 -8527.0 -2080.0 
0.0 850.0 2393.0 -4496.0 -13784.0 1558.0 2354.0 516.0 -339.0 -1261.0 -287.0 -2712.0 2101.0 -189.0 2339.0 1865.0 1042.0 -2248.0 -1753.0 -3746.0 6613.0 1753.0 6327.0 7063.0 -7426.0 -16934.0 -3250.0 -188.0 
0.0 1256.0 13442.0 6491.0 7640.0 4281.0 -7529.0 -2203.0 -7709.0 2090.0 -931.0 2091.0 -1553.0 1101.0 -2961.0 -1473.0 -4152.0 -239.0 3693.0 3555.0 3800.0 710.0 -2990.0 -1211.0 4216.0 -20880.0 -2769.0 -206.0 
0.0 193.0 18223.0 -679.0 990.0 593.0 -2044.0 2381.0 425.0 -8739.0 -3403.0 -5460.0 -899.0 -4021.0 -3785.0 -3441.0 -814.0 1552.0 -1367.0 1073.0 -1070.0 -89.0 6862.0 6402.0 -4405.0 -21219.0 -961.0 0.0 
-51.0 0.0 8495.0 9694.0 -4804.0 543.0 1672.0 -2329.0 -2200.0 -2155.0 -4388.0 -6362.0 -9616.0 -6918.0 -3714.0 676.0 435.0 -974.0 1427.0 2554.0 1049.0 4519.0 4196.0 -5116.0 -8498.0 -14682.0 -526.0 0.0 
0.0 -97.0 -11155.0 4703.0 -1715.0 2879.0 -3502.0 -216.0 -1698.0 -4645.0 -3435.0 -2298.0 139.0 -2043.0 -4085.0 -1362.0 183.0 3566.0 1167.0 53.0 -867.0 -272.0 -719.0 -554.0 236.0 -16806.0 -6307.0 0.0 
0.0 0.0 -659.0 11658.0 2634.0 1459.0 1339.0 744.0 -2005.0 3387.0 -2019.0 285.0 -2392.0 -2225.0 1355.0 382.0 -1977.0 839.0 5064.0 -3696.0 2068.0 -667.0 -4951.0 6309.0 -3906.0 -8039.0 -1538.0 0.0 
0.0 0.0 5003.0 -2969.0 -3410.0 2916.0 1490.0 794.0 2854.0 -3956.0 162.0 283.0 665.0 -1694.0 1417.0 521.0 2089.0 -2849.0 1110.0 3399.0 -3199.0 -1759.0 50.0 -10283.0 -26143.0 -1262.0 -157.0 0.0 
0.0 0.0 -18070.0 3665.0 5432.0 -828.0 325.0 932.0 -3757.0 732.0 -18.0 792.0 496.0 432.0 -913.0 -246.0 339.0 2311.0 348.0 -2088.0 3723.0 -4479.0 5191.0 3230.0 -13574.0 -861.0 0.0 0.0 
0.0 0.0 2638.0 3652.0 2349.0 2190.0 2686.0 2315.0 1023.0 28.0 -1392.0 -709.0 -798.0 4089.0 -2132.0 553.0 -2851.0 -2371.0 4466.0 -1508.0 -3428.0 1624.0 -12210.0 -4691.0 -4937.0 -284.0 0.0 0.0 
0.0 0.0 -7042.0 18349.0 15065.0 -13309.0 8887.0 -907.0 2435.0 -3158.0 3750.0 348.0 -181.0 293.0 1193.0 -3037.0 3584.0 1778.0 -8713.0 146.0 -5280.0 -527.0 5236.0 4849.0 -1451.0 0.0 0.0 0.0 
0.0 0.0 144.0 -4830.0 -4954.0 -8901.0 29.0 -3015.0 4166.0 2401.0 992.0 -1183.0 1320.0 -2172.0 1593.0 1243.0 -1936.0 -167.0 -2898.0 1634.0 -462.0 -10727.0 4236.0 -267.0 0.0 0.0 0.0 0.0 
0.0 0.0 0.0 0.0 56.0 4838.0 419.0 2982.0 -5087.0 -8533.0 1424.0 -6537.0 -8497.0 -6494.0 -6800.0 -11876.0 -4395.0 -6785.0 1570.0 -2107.0 -2451.0 4169.0 2105.0 0.0 0.0 0.0 0.0 0.0 
0.0 0.0 0.0 0.0 0.0 0.0 0.0 0.0 -32.0 -1374.0 -1951.0 -905.0 -1820.0 -5944.0 -4257.0 -3360.0 -5762.0 -6831.0 -3266.0 -4961.0 -1824.0 0.0 0.0 0.0 0.0 0.0 0.0 0.0 
5
0.0 0.0 0.0 0.0 0.0 0.0 0.0 0.0 0.0 0.0 0.0 0.0 0.0 0.0 0.0 0.0 0.0 0.0 0.0 0.0 0.0 0.0 0.0 0.0 0.0 0.0 0.0 0.0 
0.0 0.0 0.0 0.0 0.0 -80.0 -9179.0 -13063.0 -1086.0 -1114.0 -2483.0 -3419.0 -5487.0 -2765.0 5847.0 -16668.0 -2230.0 -589.0 -168.0 -7280.0 -5319.0 -6884.0 -16761.0 -12495.0 0.0 0.0 0.0 0.0 
0.0 0.0 0.0 -2436.0 -7880.0 -290.0 -6003.0 -29835.0 -17101.0 -10736.0 -19524.0 -19366.0 -17799.0 -2060.0 -3242.0 -4601.0 -11534.0 -9522.0 -13226.0 -11839.0 -7990.0 -5331.0 -19523.0 -13511.0 -573.0 -248.0 0.0 0.0 
0.0 0.0 0.0 -7056.0 -2352.0 -1280.0 -12440.0 -14732.0 -10242.0 -17305.0 -5561.0 -4765.0 -15193.0 -29982.0 -1650.0 -8481.0 -3841.0 -9374.0 -9620.0 1573.0 -9210.0 6150.0 -6211.0 -10660.0 -14152.0 -73.0 0.0 0.0 
0.0 0.0 0.0 0.0 -4023.0 -3497.0 -16900.0 10423.0 -8467.0 -1313.0 -5983.0 -809.0 -1455.0 4958.0 -12204.0 -3410.0 -687.0 -5229.0 -3246.0 -2190.0 1328.0 -1599.0 8659.0 -6438.0 13905.0 -5385.0 -4392.0 0.0 
0.0 0.0 -4512.0 3309.0 -4148.0 -1876.0 4159.0 -4635.0 1069.0 -402.0 -1981.0 -1215.0 -688.0 -3247.0 1542.0 1246.0 1172.0 1324.0 957.0 2310.0 888.0 -579.0 371.0 3162.0 -4982.0 -8317.0 -7224.0 -168.0 
0.0 0.0 -2623.0 -8181.0 4670.0 5540.0 -8982.0 5050.0 -3189.0 800.0 -3812.0 -3487.0 -3984.0 -3014.0 -6574.0 -7462.0 -3473.0 -3282.0 -3851.0 -1276.0 -632.0 783.0 -676.0 5484.0 -3352.0 1947.0 3623.0 -44.0 
0.0 0.0 -2685.0 -3822.0 -3730.0 7770.0 -4024.0 -339.0 1252.0 189.0 -316.0 -535.0 -5290.0 -507.0 -2979.0 -4029.0 -3340.0 -1165.0 -297.0 1955.0 491.0 2805.0 1657.0 4053.0 -5998.0 -7035.0 -1989.0 -2206.0 
0.0 -5682.0 580.0 9177.0 -1903.0 4010.0 -421.0 1604.0 -4055.0 522.0 -4276.0 -787.0 -1143.0 -2742.0 -3651.0 -1720.0 -4969.0 -1033.0 -618.0 403.0 -1404.0 -1197.0 -6796.0 -3178.0 -1585.0 4298.0 -9257.0 -14086.0 
0.0 -907.0 5929.0 4000.0 -15039.0 2765.0 2344.0 -368.0 276.0 -1974.0 -1991.0 -2577.0 -342.0 -1549.0 -5615.0 -2733.0 -1221.0 -2442.0 1588.0 -140.0 1853.0 -14.0 4240.0 169.0 -14200.0 -3581.0 -1249.0 -3317.0 
0.0 -277.0 -12650.0 -18512.0 12958.0 -8185.0 -6793.0 3224.0 117.0 1258.0 -1972.0 -478.0 495.0 -135.0 -4003.0 1109.0 -3728.0 1564.0 -1342.0 973.0 -3342.0 -593.0 -210.0 -5454.0 10350.0 -9666.0 -13844.0 -664.0 
0.0 -731.0 -6984.0 11371.0 -3568.0 3621.0 1963.0 -1888.0 -2241.0 2618.0 126.0 989.0 -663.0 -7720.0 -4933.0 2750.0 576.0 -1116.0 -948.0 3093.0 -3666.0 -2152.0 -5377.0 -4914.0 -22921.0 3313.0 -10136.0 -306.0 
0.0 -969.0 -5341.0 -7.0 -1669.0 -1216.0 -2844.0 2720.0 652.0 -1281.0 2735.0 707.0 7375.0 2279.0 -3811.0 1192.0 4064.0 -861.0 -1401.0 -434.0 -3382.0 3702.0 -1281.0 -43.0 11862.0 -17263.0 -10080.0 -1508.0 
0.0 -2034.0 -3375.0 -6917.0 -15177.0 1219.0 1752.0 596.0 87.0 2127.0 2572.0 6873.0 1088.0 -2969.0 -1516.0 3825.0 -714.0 1777.0 806.0 -1388.0 863.0 2287.0 983.0 -6102.0 -10697.0 3182.0 -7190.0 -6318.0 
0.0 -188.0 -6926.0 -4875.0 9282.0 5755.0 4103.0 5844.0 1511.0 -233.0 1875.0 -248.0 4244.0 -5005.0 72.0 1342.0 2557.0 991.0 -1570.0 1983.0 -866.0 3235.0 -1075.0 -1918.0 -942.0 6980.0 -34346.0 -702.0 
0.0 0.0 -1389.0 2318.0 10291.0 -1341.0 -1028.0 2753.0 673.0 1035.0 2370.0 2465.0 3927.0 -1759.0 2748.0 493.0 2486.0 1247.0 -1179.0 4856.0 1417.0 -7568.0 5653.0 3664.0 -16369.0 -2931.0 14132.0 -198.0 
0.0 0.0 3761.0 -6762.0 -11461.0 -1203.0 391.0 1013.0 3396.0 1734.0 996.0 -2300.0 4003.0 -819.0 4774.0 4169.0 1601.0 -1244.0 3014.0 -1363.0 849.0 6806.0 750.0 -733.0 -1076.0 -6298.0 -18593.0 -1010.0 
0.0 0.0 17481.0 -12245.0 3733.0 2547.0 1426.0 2571.0 2093.0 -1492.0 -1200.0 -157.0 -2142.0 3284.0 1163.0 -909.0 1968.0 4480.0 3095.0 -3779.0 2214.0 34.0 -4537.0 10965.0 -14818.0 -8167.0 -3330.0 -10457.0 
-5436.0 0.0 -1482.0 -4048.0 -7607.0 -3262.0 -3940.0 2656.0 -1718.0 2875.0 -5365.0 -4770.0 4689.0 3456.0 3235.0 -708.0 318.0 -4134.0 -2516.0 3168.0 -1574.0 1619.0 275.0 677.0 -6374.0 -23476.0 235.0 8.0 
0.0 -194.0 -9917.0 13274.0 -1533.0 11865.0 -1532.0 -2628.0 164.0 -5231.0 -3380.0 2523.0 -6035.0 -747.0 -462.0 91.0 -1677.0 -896.0 -3213.0 -3980.0 -2098.0 9569.0 -16413.0 660.0 3848.0 -8987.0 -48.0 0.0 
0.0 0.0 2422.0 6066.0 -6046.0 -19588.0 4537.0 -1101.0 -10476.0 -350.0 -4616.0 -2954.0 -325.0 -3291.0 2722.0 -250.0 3966.0 -356.0 1357.0 -716.0 -7352.0 -6927.0 -2920.0 -4077.0 -9722.0 -2315.0 0.0 0.0 
0.0 0.0 207.0 -1315.0 -372.0 25157.0 -16253.0 -11420.0 10318.0 -4273.0 4074.0 -142.0 -2914.0 -1334.0 -1413.0 3055.0 -2754.0 1955.0 373.0 -1159.0 6839.0 -3981.0 -1283.0 10136.0 -5598.0 -2710.0 0.0 0.0 
0.0 0.0 0.0 -8379.0 -9293.0 -11959.0 -5144.0 1778.0 -3825.0 -5827.0 -619.0 -2793.0 -3154.0 -1517.0 -698.0 -1205.0 -2221.0 2421.0 -2837.0 7470.0 -9871.0 11693.0 5160.0 -361.0 -10591.0 -7270.0 128.0 0.0 
0.0 0.0 0.0 -3427.0 -6625.0 -6934.0 -760.0 877.0 -2029.0 -2021.0 1831.0 -1566.0 -1403.0 -1306.0 293.0 1428.0 3360.0 -2594.0 1638.0 -3133.0 -740.0 1612.0 -17462.0 715.0 -3578.0 -1193.0 128.0 0.0 
0.0 0.0 0.0 -7.0 -7020.0 2917.0 10950.0 -8584.0 9864.0 -837.0 -3260.0 426.0 -1633.0 -925.0 -222.0 -4671.0 -773.0 -137.0 -2682.0 2500.0 -3090.0 2920.0 -917.0 5263.0 -9866.0 2964.0 0.0 0.0 
0.0 0.0 0.0 0.0 -1809.0 -6526.0 2027.0 -7423.0 -5528.0 -3641.0 -4108.0 -1910.0 -4508.0 -3835.0 -4778.0 969.0 -7160.0 -3559.0 -2433.0 -7767.0 -3283.0 -11609.0 -540.0 4742.0 -8242.0 0.0 0.0 0.0 
0.0 0.0 0.0 -76.0 340.0 7633.0 -1688.0 -12295.0 -8963.0 -14097.0 -1894.0 -17528.0 -7437.0 -13919.0 -10335.0 -13857.0 -10750.0 -17915.0 -5414.0 -15577.0 -18637.0 -8297.0 -12402.0 -10853.0 -980.0 0.0 0.0 0.0 
0.0 0.0 0.0 0.0 0.0 -177.0 -1596.0 -8045.0 -8739.0 -3571.0 -5556.0 -3625.0 -2894.0 -3506.0 -19670.0 -4206.0 -478.0 -605.0 -2769.0 -4446.0 -44.0 -748.0 -476.0 0.0 0.0 0.0 0.0 0.0 
6
0.0 0.0 0.0 0.0 0.0 0.0 0.0 0.0 0.0 0.0 0.0 0.0 0.0 0.0 0.0 0.0 0.0 0.0 0.0 0.0 0.0 0.0 0.0 0.0 0.0 0.0 0.0 0.0 
0.0 0.0 0.0 0.0 0.0 0.0 0.0 0.0 0.0 -52.0 -253.0 -234.0 -696.0 -612.0 -94.0 0.0 0.0 -51.0 -1095.0 -1061.0 0.0 0.0 0.0 0.0 0.0 0.0 0.0 0.0 
0.0 0.0 0.0 0.0 0.0 0.0 0.0 -945.0 -5218.0 -4638.0 -8744.0 -16574.0 -14268.0 -13885.0 -17776.0 -7453.0 -5497.0 -2435.0 -1237.0 -2134.0 -8589.0 -3515.0 -779.0 -2536.0 -362.0 0.0 0.0 0.0 
0.0 0.0 0.0 140.0 5592.0 -2208.0 -1376.0 -9379.0 -6953.0 -6126.0 4318.0 -10279.0 2713.0 -2363.0 -2425.0 -810.0 -8402.0 6436.0 -4506.0 -1583.0 -2443.0 -3516.0 9554.0 -16290.0 635.0 3678.0 1081.0 0.0 
0.0 0.0 -51.0 -158.0 -3199.0 -7234.0 -5777.0 2665.0 -7881.0 2284.0 -5283.0 3621.0 -2715.0 -3522.0 -168.0 187.0 2285.0 -2641.0 3692.0 1592.0 -3862.0 4936.0 -2379.0 3007.0 9525.0 -5048.0 5337.0 -567.0 
0.0 0.0 -429.0 2848.0 -15408.0 -3855.0 -8475.0 386.0 -364.0 -628.0 1830.0 -1826.0 -736.0 -1369.0 -683.0 -3326.0 -1458.0 2091.0 2951.0 -3005.0 4487.0 -1684.0 4165.0 4877.0 -4657.0 5493.0 5825.0 -1119.0 
0.0 0.0 1162.0 -3577.0 5450.0 -1238.0 -205.0 204.0 -2650.0 1011.0 -825.0 701.0 -1301.0 -2204.0 540.0 -2467.0 -3021.0 -1176.0 -2501.0 2142.0 1962.0 -86.0 2758.0 -2978.0 12241.0 -3921.0 1898.0 3777.0 
0.0 0.0 316.0 -3651.0 -22280.0 5529.0 -5978.0 3723.0 1455.0 -831.0 781.0 -1529.0 37.0 -2690.0 1163.0 -3516.0 2256.0 -1779.0 1421.0 -45.0 -515.0 795.0 1094.0 5318.0 304.0 6102.0 -9638.0 7408.0 
0.0 0.0 -497.0 -11894.0 -10429.0 -4668.0 1695.0 -3039.0 1328.0 -1465.0 1471.0 1419.0 -2621.0 -1193.0 -1576.0 656.0 -1038.0 1976.0 -914.0 1683.0 2305.0 -660.0 -767.0 4509.0 5628.0 7271.0 4126.0 -17793.0 
0.0 0.0 -2463.0 -12701.0 -7035.0 -702.0 3625.0 -1995.0 -814.0 -1337.0 -209.0 1634.0 849.0 -1573.0 -432.0 -1771.0 -1785.0 -551.0 -1811.0 -619.0 -2039.0 5789.0 2319.0 -1856.0 8970.0 21.0 2288.0 175.0 
0.0 -3.0 -673.0 -15043.0 6776.0 -2243.0 -6213.0 2435.0 3043.0 4157.0 338.0 1129.0 5022.0 2390.0 -983.0 502.0 -3266.0 -2123.0 -4333.0 -3637.0 -8312.0 -3976.0 6544.0 3514.0 12923.0 9651.0 12840.0 91.0 
0.0 -128.0 -1397.0 -20197.0 -2283.0 1731.0 5407.0 -347.0 943.0 -700.0 3557.0 -186.0 1297.0 452.0 1334.0 -1604.0 -842.0 -1642.0 -1662.0 -4192.0 -8292.0 -14797.0 -16471.0 5552.0 23359.0 28292.0 1811.0 112.0 
0.0 -236.0 -3543.0 1575.0 -2207.0 -1108.0 3177.0 3337.0 785.0 -1368.0 1126.0 634.0 -1052.0 1406.0 -3331.0 1167.0 -3339.0 -2355.0 -2732.0 -3628.0 -476.0 -8957.0 -14463.0 -40598.0 -65662.0 12410.0 48512.0 -27.0 
0.0 -45.0 -1918.0 5525.0 1527.0 4793.0 -897.0 3863.0 -3370.0 2724.0 -749.0 1120.0 2848.0 -1656.0 -1281.0 -1745.0 -2253.0 -1874.0 1518.0 1290.0 1572.0 -661.0 1647.0 -11017.0 -33179.0 -34890.0 6486.0 -247.0 
113.0 0.0 -68.0 -566.0 1090.0 573.0 -590.0 -3900.0 1618.0 -836.0 2916.0 -2657.0 -1363.0 -2365.0 1386.0 668.0 -2628.0 -220.0 -129.0 -1886.0 475.0 -3006.0 1566.0 -4565.0 18583.0 -37139.0 -1827.0 -3.0 
-376.0 0.0 -550.0 -14706.0 10340.0 -7968.0 1533.0 -2074.0 500.0 762.0 382.0 973.0 687.0 -2628.0 -3435.0 -1509.0 2099.0 -4794.0 3341.0 -2688.0 -1202.0 -2601.0 -882.0 3021.0 13173.0 -5740.0 -4623.0 -892.0 
-2360.0 0.0 -1391.0 3830.0 -3663.0 -1248.0 -3730.0 -3541.0 -3297.0 -1415.0 469.0 578.0 2047.0 793.0 -3245.0 1000.0 -4842.0 789.0 -1418.0 -445.0 800.0 -279.0 3834.0 2098.0 -12847.0 -3868.0 -10263.0 -1968.0 
0.0 0.0 -7811.0 -2.0 1371.0 1491.0 9593.0 -3365.0 -864.0 -1730.0 -3044.0 -4238.0 -3475.0 -5479.0 -4464.0 -1491.0 341.0 -903.0 1254.0 130.0 578.0 2495.0 -2566.0 -682.0 13659.0 -13486.0 -3191.0 -150.0 
0.0 -1593.0 -6801.0 -2509.0 -813.0 640.0 -1486.0 2320.0 -2975.0 -3812.0 -2499.0 -2642.0 753.0 -737.0 794.0 -2927.0 -81.0 1740.0 -290.0 -1303.0 -161.0 -2676.0 3541.0 1690.0 -2600.0 -15175.0 1954.0 0.0 
0.0 -3658.0 11952.0 -7344.0 8717.0 -4408.0 2735.0 -2593.0 3078.0 606.0 964.0 -2829.0 2942.0 -1432.0 -2539.0 3030.0 -1446.0 -3880.0 -1685.0 -1340.0 1680.0 2080.0 -3815.0 -1521.0 11081.0 -9009.0 -6852.0 0.0 
0.0 0.0 2505.0 244.0 -6584.0 3437.0 -2009.0 -756.0 -201.0 2364.0 -2443.0 4660.0 367.0 2122.0 150.0 -3679.0 2591.0 3363.0 -245.0 1112.0 909.0 -2236.0 6467.0 3948.0 -10457.0 8798.0 -10632.0 0.0 
0.0 0.0 -322.0 -6956.0 8596.0 -1683.0 2699.0 -2256.0 619.0 1665.0 2002.0 -435.0 -725.0 1925.0 803.0 965.0 -1326.0 -372.0 1412.0 -1172.0 4158.0 6036.0 1559.0 -2272.0 4696.0 6785.0 -10681.0 0.0 
0.0 0.0 579.0 -6187.0 -1275.0 237.0 -5380.0 2174.0 1927.0 1524.0 650.0 1246.0 305.0 536.0 1869.0 1077.0 1631.0 -2854.0 1206.0 1770.0 -592.0 -151.0 7883.0 -2697.0 3545.0 1956.0 -482.0 0.0 
0.0 0.0 3576.0 252.0 2594.0 4749.0 3480.0 -5964.0 2365.0 -1462.0 3333.0 -418.0 1721.0 -1792.0 975.0 -1435.0 3623.0 -1557.0 -2563.0 -4556.0 3139.0 1197.0 -1525.0 3142.0 -3365.0 9430.0 2696.0 0.0 
0.0 0.0 -122.0 3289.0 -14410.0 8997.0 -6455.0 2410.0 -2406.0 2579.0 -2517.0 273.0 -2070.0 -960.0 824.0 2197.0 -4336.0 2861.0 2726.0 -2760.0 -2748.0 -4364.0 2109.0 -18955.0 4564.0 -11838.0 -1674.0 0.0 
0.0 0.0 0.0 8635.0 6848.0 -4334.0 -46.0 -1866.0 -4861.0 5159.0 -3434.0 2877.0 1500.0 1249.0 -3286.0 4647.0 -1289.0 265.0 -1961.0 7177.0 -13622.0 -745.0 13017.0 16348.0 22266.0 0.0 0.0 0.0 
0.0 0.0 0.0 0.0 0.0 0.0 3541.0 -14730.0 -16703.0 -2398.0 -3228.0 2751.0 -5955.0 4865.0 -9954.0 2504.0 -5500.0 -305.0 -3503.0 -4756.0 6964.0 -12860.0 -8923.0 -456.0 -364.0 0.0 0.0 0.0 
0.0 0.0 0.0 0.0 0.0 0.0 0.0 0.0 0.0 0.0 1748.0 867.0 45.0 -3067.0 -4535.0 -3366.0 -2162.0 -2043.0 -4021.0 -2730.0 -954.0 -6358.0 -4046.0 0.0 0.0 0.0 0.0 0.0 
7
0.0 0.0 0.0 0.0 0.0 0.0 0.0 0.0 0.0 0.0 0.0 0.0 0.0 0.0 0.0 0.0 0.0 0.0 0.0 0.0 0.0 0.0 0.0 0.0 0.0 0.0 0.0 0.0 
0.0 0.0 0.0 0.0 0.0 0.0 0.0 163.0 6593.0 4568.0 6212.0 1205.0 1296.0 175.0 -12719.0 5182.0 -3809.0 4061.0 2665.0 991.0 889.0 1273.0 105.0 0.0 0.0 0.0 0.0 0.0 
0.0 0.0 0.0 0.0 26.0 38.0 6772.0 -1881.0 -4580.0 289.0 11035.0 -3910.0 843.0 2630.0 1047.0 -1100.0 2784.0 752.0 8105.0 -7611.0 10832.0 9157.0 -3163.0 12973.0 -14970.0 -14396.0 0.0 0.0 
0.0 0.0 -2352.0 -105.0 8538.0 -2235.0 7284.0 10485.0 3015.0 1031.0 -4511.0 2703.0 -3307.0 1523.0 -2303.0 1788.0 -897.0 499.0 -1500.0 1128.0 -690.0 2744.0 -913.0 6200.0 16597.0 -11268.0 10549.0 0.0 
0.0 0.0 -8064.0 -2345.0 7255.0 2247.0 -9995.0 678.0 2999.0 -7323.0 -1610.0 -2018.0 -3318.0 -2094.0 -3020.0 -3495.0 -2654.0 198.0 -202.0 649.0 -1931.0 -1593.0 -2267.0 677.0 -9129.0 -11808.0 -2996.0 6300.0 
0.0 0.0 -850.0 -4956.0 1970.0 -4414.0 6371.0 -15392.0 10643.0 -4125.0 4929.0 -5654.0 437.0 -4798.0 910.0 -1675.0 -1634.0 1770.0 1633.0 50.0 2857.0 3966.0 -5363.0 4758.0 -861.0 -6744.0 11738.0 9300.0 
0.0 0.0 -88.0 -6062.0 -551.0 1239.0 -9538.0 -1855.0 -8006.0 3381.0 -8663.0 4499.0 -3304.0 2475.0 -2668.0 -1396.0 -2105.0 503.0 -4948.0 -640.0 -6926.0 -4052.0 4157.0 -2132.0 -9547.0 -8178.0 1106.0 1702.0 
0.0 0.0 -440.0 -19186.0 -6191.0 12187.0 -7186.0 10492.0 -2978.0 -69.0 1352.0 -3776.0 -1365.0 -4461.0 526.0 3353.0 -4739.0 -603.0 -3219.0 -1113.0 -2569.0 1882.0 -11911.0 -4482.0 16402.0 -2003.0 11098.0 -529.0 
0.0 0.0 -354.0 -12571.0 -2159.0 -4381.0 -6679.0 -4034.0 -1944.0 -4359.0 -198.0 13.0 -596.0 -1076.0 -3090.0 -5484.0 -128.0 -3783.0 -4613.0 -6507.0 -7787.0 -11268.0 -6880.0 -18080.0 -20963.0 -7014.0 4251.0 -534.0 
0.0 0.0 -446.0 -12653.0 2757.0 -4181.0 -5384.0 10917.0 1893.0 3224.0 -2348.0 -2819.0 691.0 -4728.0 -1092.0 -4894.0 -4399.0 -5243.0 -6806.0 -7334.0 -2269.0 -198.0 4420.0 -847.0 -10403.0 -27190.0 -14798.0 -460.0 
0.0 0.0 -1285.0 -10282.0 6201.0 -4930.0 -6813.0 -9221.0 1361.0 -6197.0 370.0 -617.0 -3157.0 2507.0 -1059.0 -1244.0 -2961.0 -6801.0 -1515.0 -7679.0 -808.0 -331.0 -9691.0 4325.0 6331.0 -13569.0 -8990.0 -5536.0 
0.0 0.0 0.0 -12229.0 1734.0 16376.0 -383.0 5425.0 -2531.0 2048.0 1745.0 -4336.0 1746.0 -244.0 -3175.0 -2339.0 1673.0 -3063.0 -1899.0 319.0 -412.0 -4871.0 -9.0 5843.0 -9282.0 -2848.0 -18041.0 1312.0 
0.0 0.0 0.0 -17037.0 -8942.0 -13187.0 -3327.0 -494.0 3239.0 -513.0 -1832.0 6577.0 -785.0 1520.0 -541.0 -5199.0 -843.0 234.0 3704.0 -2654.0 -2905.0 4512.0 7708.0 -2911.0 1567.0 5652.0 -14550.0 -845.0 
0.0 0.0 0.0 -8916.0 -7205.0 5551.0 9049.0 -845.0 149.0 -1714.0 3729.0 -4979.0 2684.0 -1783.0 -4326.0 3746.0 -2628.0 -341.0 -1649.0 -155.0 739.0 3236.0 -4988.0 9723.0 -1463.0 -21946.0 -17214.0 -7557.0 
0.0 0.0 0.0 -552.0 -10273.0 -2577.0 -110.0 2706.0 690.0 73.0 1937.0 4270.0 -577.0 2192.0 -4028.0 -1620.0 1148.0 -4007.0 1104.0 2706.0 -1912.0 -1274.0 8056.0 -5162.0 3291.0 19121.0 -20225.0 -1080.0 
0.0 0.0 0.0 -1738.0 -18426.0 -6507.0 -1162.0 4147.0 2490.0 3002.0 -894.0 954.0 2806.0 -5229.0 4410.0 -2251.0 -857.0 422.0 -2743.0 -1043.0 3465.0 4561.0 -3385.0 5190.0 -7387.0 -1143.0 -16663.0 -1001.0 
0.0 0.0 0.0 -2649.0 14509.0 -7925.0 2653.0 3331.0 -6108.0 1762.0 345.0 5314.0 -1180.0 790.0 624.0 2160.0 117.0 -2161.0 -394.0 958.0 1082.0 -618.0 891.0 -2688.0 4990.0 -4985.0 -17110.0 -3500.0 
0.0 0.0 0.0 -2824.0 -15366.0 9020.0 -2324.0 -6616.0 7823.0 -1482.0 4386.0 1938.0 1354.0 602.0 3780.0 -3192.0 -1360.0 -1947.0 486.0 2835.0 3502.0 -1079.0 -2181.0 5605.0 -422.0 -3872.0 -5377.0 -8599.0 
0.0 0.0 0.0 -393.0 -1781.0 -6623.0 -321.0 6374.0 -286.0 4276.0 517.0 -369.0 3285.0 1607.0 -2080.0 2182.0 -69.0 399.0 2103.0 -992.0 1005.0 3092.0 -2094.0 -2468.0 -9393.0 7289.0 -4830.0 -1570.0 
0.0 0.0 -216.0 -9121.0 286.0 -1509.0 -2044.0 150.0 -308.0 2031.0 2987.0 7723.0 2646.0 565.0 1971.0 2299.0 -150.0 -345.0 1870.0 671.0 910.0 -1990.0 2759.0 -2178.0 -2419.0 -17035.0 -15520.0 -1089.0 
0.0 0.0 -360.0 -7381.0 6409.0 -4598.0 -1409.0 3931.0 -1513.0 1278.0 2802.0 -4511.0 6883.0 -2100.0 4762.0 1029.0 690.0 223.0 -3386.0 3404.0 -3137.0 2145.0 -10102.0 2197.0 -682.0 1190.0 6265.0 0.0 
0.0 0.0 -1064.0 -10703.0 -2474.0 -2854.0 -3576.0 -1353.0 1385.0 184.0 -163.0 4575.0 73.0 3790.0 4515.0 886.0 2189.0 2351.0 2530.0 -3598.0 6050.0 -8273.0 870.0 1093.0 -10.0 -2480.0 9007.0 0.0 
0.0 0.0 0.0 -7840.0 -3934.0 -3322.0 -20105.0 6062.0 -5790.0 118.0 3505.0 -4784.0 1320.0 -1598.0 -1664.0 1478.0 2574.0 1219.0 748.0 -3176.0 694.0 7779.0 -4784.0 -17713.0 -15932.0 -7398.0 4320.0 0.0 
0.0 0.0 0.0 0.0 -65.0 -703.0 -5698.0 -1896.0 -9153.0 2863.0 -7310.0 1860.0 -7179.0 532.0 -1399.0 538.0 1422.0 -8323.0 4332.0 -2052.0 -4384.0 -7014.0 -369.0 -4039.0 -4026.0 -810.0 0.0 0.0 
0.0 0.0 0.0 0.0 -136.0 -253.0 -590.0 -3383.0 -7565.0 -8194.0 -18056.0 -11504.0 1307.0 -5115.0 -9690.0 -6764.0 -6535.0 505.0 95.0 -16670.0 -13114.0 -11673.0 -777.0 -315.0 0.0 0.0 0.0 0.0 
0.0 0.0 0.0 0.0 0.0 0.0 -11.0 0.0 -230.0 -1547.0 -729.0 -461.0 -1754.0 -3673.0 -3372.0 -11533.0 -9468.0 -1161.0 -1173.0 -951.0 -853.0 -874.0 -253.0 -100.0 0.0 0.0 0.0 0.0 
0.0 0.0 0.0 0.0 0.0 0.0 0.0 0.0 -67.0 -252.0 -79.0 0.0 0.0 -53.0 -346.0 -230.0 -99.0 -253.0 -157.0 -505.0 -620.0 -991.0 -386.0 -5.0 0.0 0.0 0.0 0.0 
0.0 0.0 0.0 0.0 0.0 0.0 0.0 0.0 0.0 0.0 0.0 0.0 0.0 0.0 0.0 0.0 0.0 0.0 0.0 0.0 -33.0 -561.0 -357.0 0.0 0.0 0.0 0.0 0.0 
8
0.0 0.0 0.0 0.0 0.0 0.0 0.0 0.0 0.0 0.0 0.0 0.0 0.0 0.0 0.0 0.0 0.0 0.0 0.0 0.0 0.0 0.0 0.0 0.0 0.0 0.0 0.0 0.0 
0.0 0.0 0.0 0.0 0.0 0.0 0.0 0.0 0.0 -25.0 -255.0 -9.0 0.0 0.0 0.0 0.0 0.0 0.0 0.0 0.0 0.0 0.0 0.0 0.0 0.0 0.0 0.0 0.0 
0.0 0.0 0.0 -435.0 -150.0 0.0 0.0 -174.0 -44.0 -36.0 -1499.0 -1982.0 -504.0 0.0 -1.0 -687.0 -1126.0 -207.0 0.0 0.0 0.0 0.0 0.0 0.0 0.0 0.0 0.0 0.0 
0.0 0.0 0.0 -1260.0 -420.0 0.0 -38.0 -574.0 -837.0 -1739.0 -2741.0 -3518.0 -5178.0 -6999.0 -7091.0 -8259.0 -6631.0 -651.0 -163.0 -27.0 0.0 0.0 0.0 0.0 0.0 0.0 0.0 0.0 
0.0 0.0 0.0 0.0 -180.0 -9555.0 -7935.0 -2685.0 -3708.0 -8432.0 -20810.0 -8210.0 3099.0 -2172.0 -6308.0 -3816.0 -6882.0 -9419.0 -16359.0 -11750.0 -9223.0 8216.0 -6153.0 -1057.0 -877.0 -140.0 0.0 0.0 
0.0 0.0 0.0 -1355.0 -19533.0 12059.0 5222.0 -8126.0 77.0 3287.0 823.0 -1027.0 -2759.0 105.0 -1067.0 -2083.0 -350.0 -7400.0 -1553.0 -7992.0 -9130.0 -3286.0 -10494.0 -11049.0 -1062.0 -350.0 0.0 0.0 
0.0 0.0 2884.0 9079.0 -1377.0 2749.0 6849.0 -1615.0 7257.0 -2051.0 501.0 1312.0 3523.0 -2168.0 637.0 994.0 -1721.0 3173.0 -1655.0 -440.0 -1508.0 -278.0 634.0 -11517.0 -3071.0 -3727.0 -5865.0 0.0 
0.0 176.0 1164.0 12030.0 -1838.0 -7190.0 797.0 4860.0 -3193.0 2064.0 1147.0 987.0 -1479.0 3982.0 -3568.0 -670.0 2507.0 -1334.0 838.0 -2427.0 4162.0 926.0 2607.0 -2591.0 2217.0 -7910.0 -2779.0 0.0 
0.0 5730.0 -7657.0 4446.0 -4591.0 7132.0 -1485.0 6518.0 3294.0 2081.0 852.0 2313.0 2796.0 -1461.0 -79.0 1360.0 -586.0 2017.0 686.0 1164.0 1185.0 -1512.0 3852.0 3686.0 -426.0 -10815.0 -10612.0 -167.0 
184.0 11611.0 -7423.0 6396.0 9378.0 -2051.0 -2672.0 1917.0 600.0 553.0 534.0 494.0 6826.0 -2568.0 5843.0 -553.0 3.0 5903.0 1247.0 1614.0 528.0 681.0 759.0 -1680.0 -258.0 -2376.0 -5180.0 17174.0 
214.0 5463.0 10105.0 -5512.0 1572.0 4876.0 1380.0 -350.0 1338.0 478.0 216.0 -2359.0 -3182.0 6467.0 -528.0 2453.0 6312.0 -488.0 1638.0 -187.0 4019.0 667.0 2943.0 2147.0 -2884.0 7650.0 -8322.0 5016.0 
23.0 4151.0 17635.0 -995.0 -6999.0 2667.0 -564.0 2166.0 -4777.0 -427.0 3591.0 2889.0 -3611.0 3078.0 834.0 4079.0 -782.0 49.0 1671.0 412.0 3412.0 -2768.0 4406.0 -2118.0 -1031.0 -12448.0 -11684.0 1800.0 
0.0 4469.0 5226.0 6615.0 8279.0 -1181.0 -5653.0 3368.0 6779.0 -3266.0 -4150.0 -47.0 -2452.0 -6311.0 389.0 924.0 1262.0 2131.0 2339.0 1574.0 -2235.0 537.0 1388.0 -5370.0 -10805.0 5560.0 8921.0 6511.0 
0.0 6011.0 2812.0 14212.0 -1206.0 1148.0 4559.0 -6071.0 -3352.0 -4154.0 1558.0 31.0 -4723.0 -7403.0 -4604.0 625.0 516.0 2399.0 -3005.0 -5566.0 749.0 2464.0 804.0 -10682.0 11392.0 -5650.0 -2532.0 -1729.0 
0.0 6038.0 2878.0 -6224.0 -1970.0 967.0 -7893.0 4506.0 2954.0 -451.0 -1323.0 -4364.0 -3155.0 -3871.0 -1340.0 -2536.0 3108.0 360.0 1442.0 6776.0 1637.0 -3600.0 2476.0 7846.0 -14460.0 3553.0 -4944.0 -21.0 
0.0 0.0 -6573.0 7895.0 2666.0 275.0 1009.0 -4096.0 -4034.0 -2538.0 -1960.0 -3398.0 295.0 -4700.0 -2718.0 1195.0 -4482.0 6759.0 678.0 -495.0 3326.0 3393.0 6341.0 2237.0 -1789.0 -9344.0 -2103.0 0.0 
0.0 0.0 -5498.0 -9358.0 -1036.0 -3894.0 237.0 3455.0 -2254.0 -737.0 -22.0 -9600.0 -1870.0 2344.0 -3022.0 792.0 -319.0 -1324.0 365.0 4355.0 -602.0 6091.0 -8835.0 3989.0 2398.0 -13627.0 -4150.0 -3239.0 
0.0 0.0 -2983.0 -138.0 4074.0 2018.0 -190.0 -112.0 -5479.0 1618.0 -9101.0 -431.0 1080.0 -1773.0 244.0 642.0 -2764.0 1642.0 2196.0 -1155.0 3183.0 -5036.0 1898.0 -5610.0 -86.0 -1505.0 -1147.0 -8058.0 
1860.0 0.0 -164.0 536.0 -6753.0 5417.0 -7971.0 2310.0 -1210.0 -1235.0 -4210.0 -1175.0 -4780.0 2378.0 -2394.0 -3582.0 -2715.0 -4694.0 1418.0 1045.0 -4946.0 6300.0 4040.0 -17130.0 -7068.0 1161.0 12700.0 0.0 
0.0 9700.0 5139.0 773.0 19061.0 -8709.0 3446.0 -12905.0 894.0 -1561.0 -5784.0 113.0 2549.0 -1281.0 1687.0 885.0 -875.0 2330.0 -8233.0 1467.0 5441.0 -5871.0 -5941.0 -13142.0 5485.0 -14098.0 0.0 0.0 
0.0 0.0 -636.0 -4690.0 -15645.0 -4170.0 -8290.0 -11067.0 4414.0 -9268.0 1434.0 -1660.0 -1220.0 -2129.0 69.0 -1025.0 -8049.0 -2967.0 -5053.0 -6807.0 -12012.0 -2346.0 -5679.0 1605.0 9339.0 3184.0 0.0 0.0 
0.0 -37.0 -1493.0 -9347.0 -1554.0 2765.0 -1331.0 -6526.0 1538.0 -5314.0 -1232.0 367.0 -1510.0 295.0 -1837.0 -3360.0 2227.0 -1768.0 2780.0 -8489.0 -3037.0 -3884.0 -10095.0 -11192.0 1994.0 8338.0 -1365.0 0.0 
0.0 0.0 -4630.0 -16942.0 -21674.0 15260.0 -15899.0 586.0 2709.0 1067.0 -1690.0 -2110.0 2554.0 -2180.0 569.0 3269.0 -1809.0 -3171.0 -982.0 7858.0 528.0 3461.0 -4760.0 -11885.0 -531.0 5430.0 -350.0 0.0 
0.0 0.0 -7263.0 -19144.0 12714.0 -5811.0 -410.0 6559.0 -9222.0 -2055.0 798.0 -1803.0 -2550.0 -731.0 -3009.0 -2867.0 1803.0 137.0 -4031.0 -9851.0 -3845.0 -24254.0 1805.0 -9658.0 2175.0 818.0 -320.0 0.0 
0.0 0.0 -9513.0 -1215.0 -5239.0 5717.0 6978.0 -1397.0 4115.0 -5178.0 -498.0 -2235.0 -3856.0 -811.0 21.0 2769.0 -2300.0 1796.0 -6459.0 2303.0 4150.0 -8908.0 -2271.0 -9618.0 -751.0 -375.0 0.0 0.0 
0.0 0.0 -2932.0 11311.0 3002.0 -547.0 -788.0 -547.0 -2433.0 3336.0 -564.0 1401.0 5183.0 174.0 -872.0 244.0 785.0 164.0 2504.0 -6639.0 -2079.0 5883.0 9764.0 -9249.0 -305.0 0.0 0.0 0.0 
0.0 0.0 0.0 0.0 -10233.0 -9102.0 -6158.0 4609.0 -285.0 -176.0 1847.0 433.0 -2851.0 398.0 1040.0 741.0 1375.0 -1710.0 3631.0 5473.0 -7445.0 5669.0 9461.0 -11820.0 -153.0 0.0 0.0 0.0 
0.0 0.0 0.0 0.0 0.0 177.0 39.0 -1531.0 554.0 -4715.0 6680.0 3346.0 -4902.0 9839.0 5306.0 -120.0 5145.0 8869.0 4787.0 9444.0 -2406.0 14950.0 17572.0 5202.0 0.0 0.0 0.0 0.0 
9
0.0 0.0 0.0 0.0 0.0 0.0 0.0 0.0 0.0 0.0 0.0 0.0 0.0 0.0 0.0 0.0 0.0 0.0 0.0 0.0 0.0 0.0 0.0 0.0 0.0 0.0 0.0 0.0 
0.0 0.0 0.0 0.0 0.0 0.0 0.0 0.0 0.0 0.0 0.0 0.0 0.0 -50.0 -464.0 -122.0 -210.0 -2790.0 -2280.0 -2340.0 -940.0 0.0 0.0 0.0 0.0 0.0 0.0 0.0 
0.0 0.0 0.0 0.0 0.0 0.0 -690.0 -1347.0 -2218.0 -3375.0 -2322.0 -1720.0 -11854.0 -12994.0 -16770.0 -14982.0 -5687.0 -19113.0 -10018.0 -5361.0 -952.0 -676.0 -2286.0 -1035.0 -3315.0 -2145.0 0.0 0.0 
0.0 0.0 0.0 0.0 -40.0 -920.0 -1895.0 -4641.0 -8388.0 -5065.0 2817.0 -15144.0 -6777.0 3854.0 -14630.0 -1826.0 -5459.0 -11888.0 -2409.0 -9871.0 -3729.0 -5015.0 -2693.0 8393.0 -4622.0 -3566.0 -2057.0 0.0 
0.0 0.0 1152.0 0.0 -2528.0 -3570.0 -8112.0 3729.0 -628.0 -1604.0 307.0 1458.0 -3168.0 1125.0 -586.0 -1747.0 625.0 -3741.0 -337.0 -1570.0 -3234.0 -801.0 -1680.0 -8662.0 8373.0 2150.0 6688.0 -2405.0 
0.0 0.0 0.0 -1617.0 -2641.0 -999.0 -5365.0 1363.0 -3276.0 -2320.0 -3300.0 614.0 -303.0 -2558.0 -207.0 -453.0 3578.0 971.0 337.0 1335.0 -1269.0 -1929.0 -3174.0 278.0 -6171.0 -975.0 -3856.0 -6307.0 
0.0 0.0 0.0 -7268.0 -14736.0 2370.0 3543.0 -1203.0 -822.0 978.0 -2020.0 -19.0 -687.0 -127.0 -825.0 1902.0 2382.0 721.0 -1391.0 4454.0 -2670.0 2894.0 263.0 -1891.0 -2538.0 1329.0 -5482.0 1429.0 
0.0 -702.0 -7252.0 -9631.0 -2169.0 -10048.0 -2546.0 -2748.0 2953.0 833.0 206.0 -252.0 -2582.0 -2731.0 227.0 765.0 -1120.0 -754.0 841.0 -2153.0 3607.0 -187.0 -531.0 5953.0 -1818.0 -7526.0 -53.0 892.0 
0.0 -1104.0 -5260.0 -4436.0 12384.0 1269.0 4092.0 2619.0 -4771.0 4104.0 1389.0 1036.0 2301.0 3370.0 -872.0 -1204.0 -2153.0 -1307.0 -2390.0 1091.0 -920.0 -1181.0 1909.0 774.0 -1387.0 -2508.0 390.0 4993.0 
0.0 -1812.0 -8552.0 3194.0 -16827.0 1821.0 -1122.0 -1130.0 2226.0 372.0 -165.0 4105.0 -1589.0 1518.0 485.0 -4312.0 -2911.0 386.0 -2670.0 -2982.0 -1878.0 2445.0 3265.0 -941.0 -125.0 -3849.0 6037.0 -5217.0 
0.0 -708.0 -6176.0 -10473.0 23557.0 -4242.0 4527.0 362.0 1352.0 1275.0 3914.0 2066.0 1983.0 1094.0 -2269.0 -5936.0 -4097.0 -788.0 -468.0 1489.0 -892.0 2644.0 3700.0 9216.0 -7109.0 -6273.0 -13221.0 4233.0 
0.0 -1135.0 -5332.0 -12866.0 -18545.0 2569.0 -384.0 2711.0 4307.0 1385.0 2772.0 2719.0 2158.0 1345.0 1279.0 16.0 -2190.0 -3368.0 1557.0 -838.0 494.0 -4281.0 5220.0 -3439.0 18064.0 -17447.0 16957.0 -7290.0 
0.0 -1178.0 -5241.0 11639.0 4228.0 -704.0 2311.0 983.0 -2554.0 -1018.0 40.0 -1882.0 813.0 1435.0 -572.0 -2109.0 -780.0 329.0 -1548.0 3057.0 3982.0 8210.0 2472.0 1248.0 1730.0 -2262.0 -3472.0 -11514.0 
0.0 -125.0 -1625.0 4039.0 -4924.0 3508.0 -218.0 -2366.0 451.0 1665.0 -6302.0 2404.0 3533.0 3025.0 -3220.0 434.0 -486.0 -2153.0 870.0 -606.0 2309.0 -4599.0 4376.0 -1362.0 900.0 3019.0 -158.0 -4131.0 
0.0 -396.0 -506.0 -11477.0 -10582.0 -870.0 -6164.0 -4725.0 -4773.0 -5649.0 -3466.0 2970.0 817.0 -789.0 -861.0 -2222.0 1645.0 439.0 126.0 -2989.0 -1604.0 2804.0 -11307.0 -6798.0 -11928.0 9273.0 -13771.0 -459.0 
0.0 -904.0 -3368.0 -4104.0 5206.0 -10543.0 -5567.0 -4186.0 -3757.0 769.0 -976.0 2525.0 1869.0 1279.0 -1852.0 1435.0 -1240.0 -4577.0 -815.0 -2447.0 -1144.0 -5193.0 4362.0 -11864.0 -4939.0 819.0 -5948.0 0.0 
0.0 -498.0 -10586.0 302.0 -9937.0 -2944.0 1838.0 -1124.0 -2076.0 52.0 1871.0 -494.0 1067.0 -203.0 -2811.0 481.0 -1545.0 -3184.0 -4135.0 -4295.0 -1278.0 -1767.0 -12865.0 11540.0 -11984.0 -11598.0 -3110.0 -164.0 
0.0 -1208.0 -1388.0 -2478.0 1748.0 -4631.0 -4194.0 4352.0 238.0 4685.0 72.0 -684.0 2227.0 -2318.0 2143.0 -1688.0 508.0 -3033.0 -3275.0 -1096.0 -3327.0 1411.0 6306.0 -4162.0 10990.0 -22389.0 -3088.0 -780.0 
0.0 -120.0 -3614.0 -9417.0 353.0 -3568.0 -689.0 -305.0 -381.0 1306.0 2400.0 4498.0 1069.0 825.0 -1614.0 -19.0 -3441.0 -763.0 -1320.0 1525.0 903.0 -294.0 -761.0 -5777.0 -7500.0 -17142.0 -5075.0 -5528.0 
0.0 0.0 -1164.0 164.0 -6851.0 -623.0 1840.0 -1933.0 2087.0 6503.0 4639.0 -765.0 -3334.0 -3604.0 -2859.0 306.0 2044.0 -940.0 -4794.0 -955.0 2159.0 -3744.0 2330.0 3378.0 -5669.0 -19839.0 -1519.0 -2304.0 
0.0 0.0 -481.0 -5778.0 -1841.0 -425.0 -532.0 3410.0 883.0 -2187.0 1369.0 -1866.0 684.0 -2482.0 -2069.0 2550.0 -662.0 -2198.0 427.0 -3459.0 -1627.0 3228.0 -1808.0 357.0 -6261.0 -18596.0 -1472.0 -500.0 
0.0 0.0 -439.0 -12409.0 -5517.0 -1286.0 -2558.0 -538.0 -375.0 2103.0 275.0 -1528.0 -1533.0 -536.0 -746.0 -2952.0 -72.0 -19.0 -2758.0 3583.0 326.0 -3205.0 9036.0 -5869.0 -14843.0 -11682.0 -2263.0 0.0 
0.0 0.0 -238.0 2271.0 328.0 2472.0 706.0 1201.0 -3123.0 1218.0 1849.0 1462.0 955.0 299.0 4756.0 -1030.0 -3322.0 -3273.0 -2281.0 -4653.0 -387.0 -1656.0 346.0 -1533.0 -3018.0 -6210.0 -7354.0 0.0 
0.0 0.0 -2.0 -2611.0 -756.0 -11947.0 -3559.0 -5053.0 -584.0 382.0 -1314.0 2178.0 52.0 5553.0 -1324.0 4442.0 404.0 1394.0 452.0 -1773.0 -2625.0 4245.0 -5304.0 4194.0 -2494.0 -5658.0 -6913.0 0.0 
0.0 0.0 0.0 -5957.0 -26215.0 -4666.0 -3662.0 1172.0 -2750.0 300.0 -422.0 1053.0 -677.0 -3.0 355.0 -1594.0 3310.0 -7237.0 2470.0 8769.0 -5497.0 3272.0 -10002.0 -7109.0 -11071.0 -3928.0 -522.0 0.0 
0.0 0.0 0.0 -452.0 -4902.0 -10698.0 3656.0 -13837.0 649.0 -13000.0 597.0 -4937.0 -2297.0 -4247.0 333.0 123.0 -3946.0 3372.0 -7742.0 -6940.0 5754.0 -20877.0 -12269.0 -886.0 0.0 0.0 0.0 0.0 
0.0 0.0 0.0 0.0 -2857.0 -7643.0 -19465.0 -10033.0 -453.0 -15526.0 -12214.0 -4105.0 -5691.0 -7060.0 -7136.0 -21021.0 -21448.0 -7799.0 -4678.0 -9264.0 -4822.0 -4266.0 -838.0 0.0 0.0 0.0 0.0 0.0 
0.0 0.0 0.0 0.0 0.0 0.0 0.0 -52.0 -448.0 -73.0 -10187.0 -3267.0 -8751.0 -13227.0 -11127.0 -1142.0 -146.0 -3060.0 -10932.0 -4656.0 -309.0 -1112.0 -617.0 0.0 0.0 0.0 0.0 0.0 
10
0.0 0.0 0.0 0.0 0.0 0.0 0.0 0.0 0.0 0.0 0.0 0.0 -1624.0 -3556.0 0.0 0.0 0.0 0.0 0.0 0.0 0.0 0.0 0.0 0.0 0.0 0.0 0.0 0.0 
0.0 0.0 0.0 0.0 0.0 0.0 0.0 0.0 0.0 0.0 0.0 -128.0 -2708.0 -2929.0 -131.0 -5392.0 -14736.0 -7527.0 -204.0 -20.0 -510.0 -4132.0 -5152.0 -420.0 0.0 0.0 0.0 0.0 
0.0 0.0 0.0 0.0 0.0 0.0 0.0 0.0 0.0 -80.0 -254.0 -6603.0 -5254.0 -2896.0 -952.0 -876.0 -3912.0 -11911.0 -4248.0 -3958.0 -1844.0 -1412.0 -6384.0 -2436.0 0.0 0.0 0.0 0.0 
0.0 0.0 0.0 0.0 0.0 -1230.0 -1620.0 -410.0 -624.0 -1588.0 -2639.0 -14414.0 -12419.0 -8294.0 -17740.0 -8622.0 -6731.0 -9248.0 180.0 -8055.0 -6342.0 -5154.0 -1932.0 -364.0 0.0 0.0 0.0 0.0 
0.0 0.0 0.0 0.0 0.0 -13.0 -194.0 -9133.0 -12356.0 -10316.0 -4120.0 -3279.0 -6460.0 -3396.0 -6675.0 -3861.0 -8610.0 -6401.0 -9308.0 -5918.0 43.0 -14674.0 -6944.0 -921.0 -38.0 0.0 0.0 0.0 
0.0 0.0 0.0 -924.0 -286.0 -4421.0 -9596.0 -13017.0 -2952.0 -2487.0 -7754.0 2190.0 -2444.0 1315.0 -4454.0 -1010.0 -9728.0 -3427.0 -5523.0 -4043.0 -5542.0 -6719.0 -5377.0 -23687.0 -5403.0 -210.0 0.0 0.0 
0.0 -595.0 -1615.0 -1898.0 -10911.0 -15257.0 -6031.0 -6963.0 -2590.0 -1442.0 -928.0 253.0 2868.0 4731.0 2816.0 1385.0 3956.0 302.0 3657.0 -966.0 4657.0 87.0 -2230.0 -10902.0 4129.0 -10898.0 -260.0 -133.0 
0.0 -12534.0 -1649.0 -3604.0 -6724.0 -19701.0 -7046.0 -3226.0 -3592.0 -2658.0 -652.0 345.0 2166.0 398.0 3800.0 1609.0 5171.0 -1348.0 -253.0 661.0 -1285.0 -484.0 -931.0 -1616.0 -10140.0 -19027.0 -2333.0 -1692.0 
-212.0 -4099.0 -1893.0 -20433.0 13703.0 -869.0 -470.0 -5386.0 2112.0 -1023.0 -1626.0 -3042.0 -2902.0 2811.0 1430.0 3122.0 1742.0 -2172.0 725.0 686.0 -808.0 1843.0 -6270.0 -2617.0 -2517.0 1104.0 -5853.0 -2940.0 
0.0 -973.0 -3532.0 3798.0 -19168.0 -1995.0 4554.0 -3152.0 -1186.0 -705.0 1959.0 -990.0 861.0 -1944.0 1275.0 2270.0 -1096.0 -513.0 793.0 -3714.0 697.0 -3345.0 374.0 -6767.0 -5030.0 -14287.0 -3284.0 -4628.0 
0.0 -975.0 -17262.0 1701.0 4360.0 -2809.0 1045.0 -2504.0 -358.0 -1518.0 -15.0 1119.0 118.0 -411.0 -219.0 -4924.0 -1776.0 -3032.0 -2544.0 430.0 -2815.0 -2585.0 1117.0 7515.0 -12387.0 10607.0 -15397.0 -10647.0 
0.0 -9142.0 -12369.0 -5263.0 -2599.0 2814.0 -1115.0 440.0 3919.0 3327.0 3101.0 1617.0 324.0 -222.0 -4975.0 147.0 -269.0 3130.0 586.0 -995.0 4510.0 2135.0 889.0 -13283.0 2779.0 -25580.0 -7099.0 -460.0 
-845.0 -9599.0 750.0 -2791.0 740.0 1533.0 1268.0 -532.0 27.0 1392.0 -274.0 -1785.0 292.0 -530.0 1453.0 -106.0 -1452.0 660.0 3530.0 4338.0 31.0 3792.0 4684.0 15069.0 -20142.0 -36340.0 -2458.0 -134.0 
0.0 -1476.0 -13304.0 -8218.0 647.0 5170.0 1752.0 2916.0 2114.0 2557.0 1420.0 -146.0 713.0 733.0 276.0 2583.0 807.0 -393.0 622.0 1719.0 2420.0 1055.0 -1949.0 -7583.0 -396.0 -13255.0 2119.0 0.0 
-9040.0 -2.0 2346.0 4684.0 -553.0 -2323.0 1646.0 -730.0 135.0 2968.0 1373.0 1901.0 354.0 2824.0 1538.0 1828.0 810.0 635.0 -3296.0 -1220.0 3728.0 -728.0 -1998.0 -2594.0 -15846.0 6529.0 1516.0 0.0 
-2960.0 0.0 -17101.0 3487.0 -1500.0 3371.0 -1396.0 185.0 1245.0 -1273.0 1249.0 928.0 1959.0 -1389.0 -850.0 4151.0 1268.0 -475.0 458.0 -1313.0 -609.0 -1968.0 632.0 -4729.0 -18473.0 804.0 4108.0 -6.0 
0.0 0.0 -9737.0 -6065.0 10188.0 -1610.0 -3729.0 -280.0 3427.0 -1246.0 1548.0 -570.0 -623.0 -1428.0 -298.0 -3564.0 1147.0 -2317.0 -1166.0 -105.0 1097.0 -8826.0 3251.0 739.0 -4152.0 -22296.0 1253.0 -1007.0 
0.0 0.0 -9932.0 -574.0 -8710.0 808.0 -4010.0 3100.0 203.0 825.0 1208.0 41.0 1026.0 -825.0 -3552.0 2649.0 -1792.0 1320.0 1458.0 -2171.0 2725.0 966.0 -3353.0 -6104.0 -12304.0 6057.0 -911.0 -8643.0 
510.0 0.0 -9426.0 -8206.0 2671.0 -11059.0 2460.0 -1218.0 -3691.0 311.0 3062.0 2748.0 -2240.0 -481.0 2405.0 -1392.0 -566.0 247.0 -1415.0 -529.0 -4055.0 2059.0 67.0 -5975.0 -13979.0 -4801.0 -492.0 -4.0 
0.0 -4718.0 -2550.0 -6057.0 -10915.0 -1248.0 -242.0 3527.0 120.0 -160.0 -3548.0 -2981.0 1959.0 -819.0 -1615.0 -1648.0 1642.0 -1139.0 1339.0 -3631.0 168.0 732.0 -3906.0 -607.0 -16129.0 -14789.0 -918.0 0.0 
0.0 -970.0 -1292.0 3089.0 -8673.0 8694.0 -3564.0 -9202.0 -105.0 -11239.0 -5801.0 -2518.0 -2875.0 -1599.0 -1197.0 26.0 -3424.0 -216.0 299.0 2325.0 -2932.0 -6653.0 -2231.0 -7334.0 24.0 17697.0 -3650.0 0.0 
0.0 0.0 -625.0 -13441.0 3068.0 -381.0 5039.0 -2838.0 -551.0 -183.0 -3026.0 -5930.0 -168.0 -2491.0 -992.0 -1099.0 448.0 -4318.0 -7159.0 3654.0 -961.0 5585.0 -9071.0 8198.0 1939.0 3412.0 -5695.0 0.0 
0.0 0.0 -3098.0 -1253.0 4840.0 -10002.0 -5896.0 644.0 -881.0 -2738.0 3816.0 797.0 483.0 -515.0 -739.0 -2983.0 -1207.0 -1244.0 2590.0 -9004.0 3603.0 -2463.0 -6000.0 759.0 1048.0 -778.0 -632.0 0.0 
0.0 0.0 -2149.0 3185.0 -16767.0 -5703.0 2388.0 -6951.0 3860.0 -3152.0 -2701.0 -2539.0 1494.0 -1163.0 1480.0 -339.0 -2070.0 -368.0 -3396.0 4513.0 -2991.0 -6043.0 15245.0 -83.0 8159.0 4145.0 -567.0 0.0 
0.0 0.0 0.0 -8120.0 9461.0 7015.0 -1110.0 1528.0 -1566.0 -2661.0 -262.0 -3784.0 -5607.0 -3941.0 -5593.0 -1377.0 421.0 -641.0 -2520.0 -67.0 5331.0 670.0 12030.0 11798.0 -17959.0 -4011.0 -9800.0 0.0 
0.0 0.0 0.0 -3763.0 -17995.0 8022.0 -5106.0 -3795.0 -1801.0 -1772.0 -312.0 -759.0 372.0 540.0 -701.0 714.0 -1858.0 3057.0 3546.0 2835.0 7069.0 6221.0 -15544.0 -1558.0 -742.0 444.0 -10400.0 0.0 
0.0 0.0 0.0 342.0 8558.0 -12414.0 12011.0 -1201.0 6319.0 -19.0 2292.0 304.0 1646.0 -1720.0 4734.0 -775.0 5453.0 -3143.0 8268.0 -4706.0 8970.0 5821.0 1309.0 13281.0 2433.0 0.0 0.0 0.0 
0.0 0.0 0.0 0.0 -153.0 -10845.0 -11155.0 5662.0 -5775.0 -4659.0 -2519.0 -2218.0 730.0 -11093.0 2686.0 -12921.0 2279.0 -10211.0 -10441.0 -806.0 -1723.0 -9401.0 1260.0 -558.0 0.0 0.0 0.0 0.0 
